# redshift z = 42.2876
# computed with CAMB for Planck cosmological parameters
# Columns:
# k (1/Mpc), CDM k^3/(2pi^2) P(k), baryon k^3/(2pi^2) P(k), matter k^3/(2pi^2) P(k)
7.057030823388510346e-06 2.254639961399394290e-18 2.254639883315104226e-18 2.284424072258220428e-18
8.884275435384054632e-06 5.619878545007183348e-18 5.619878236536675664e-18 5.694117914916791612e-18
1.118464011098306861e-05 1.400801575030784154e-17 1.400801453169788367e-17 1.419306351044971118e-17
1.408062765748857048e-05 3.491612824483536991e-17 3.491612343074425436e-17 3.537737469203024266e-17
1.772645997201957545e-05 8.703124979211792267e-17 8.703123077346325895e-17 8.818094256216395315e-17
2.231629091993171410e-05 2.169321176809225567e-16 2.169320425513221159e-16 2.197978108587768011e-16
2.809454573609375893e-05 5.407190829450818367e-16 5.407187861528459223e-16 5.478620138136250087e-16
3.536893755998084791e-05 1.347777717917679957e-15 1.347776545440377668e-15 1.365581871262707813e-15
4.452685428241580389e-05 3.359408739588630459e-15 3.359404107783173227e-15 3.403786279201273911e-15
5.605598836339085680e-05 8.373446456533850358e-15 8.373428158910279775e-15 8.484057975134432568e-15
7.057030823388510854e-05 2.087087333041294586e-14 2.087080104777947612e-14 2.114656901196872956e-14
8.884275435384052938e-05 5.201984214439163486e-14 5.201955660694123107e-14 5.270698597675493558e-14
1.118464011098307064e-04 1.296536705669823438e-13 1.296525426277508627e-13 1.313662331979384187e-13
1.408062765748856811e-04 3.231324744112097425e-13 3.231280189254897948e-13 3.274003854221039946e-13
1.772645997201957612e-04 8.052759461049210632e-13 8.052583473957250376e-13 8.159109300743662589e-13
2.231629091993171546e-04 2.006590317310352544e-12 2.006520809815362988e-12 2.033086495864904905e-12
2.809454573609375893e-04 4.999117925316698923e-12 4.998843436125760277e-12 5.065112882651211908e-12
3.536893755998084927e-04 1.245095609788563332e-11 1.244987237150139709e-11 1.261526084542433916e-11
4.452685428241580389e-04 3.099661372557919976e-11 3.099233639555453664e-11 3.140539597436393724e-11
5.605598836339085273e-04 7.711068962071478989e-11 7.709381625974023894e-11 7.812662088849870333e-11
7.057030823388509228e-04 1.916139943701329670e-10 1.915474881075976614e-10 1.941345530511778106e-10
8.884275435384053751e-04 4.753139609540625151e-10 4.750521635501606867e-10 4.815508469307439784e-10
1.118464011098306956e-03 1.175850690928229617e-09 1.174819545133778082e-09 1.191218146853716153e-09
1.408062765748856974e-03 2.896986397475513046e-09 2.892944107337347843e-09 2.934606396272109308e-09
1.772645997201957504e-03 7.094297364908889307e-09 7.078533794958927596e-09 7.185480588880108942e-09
2.231629091993171058e-03 1.722327871044604303e-08 1.716223216217515445e-08 1.744098844399027900e-08
2.809454573609376001e-03 4.132663059049413448e-08 4.109244619679662223e-08 4.183491279623800480e-08
3.536893755998085035e-03 9.769522830183579234e-08 9.680806348625478056e-08 9.884311610066231295e-08
4.452685428241580715e-03 2.268649222076287082e-07 2.235574730029636524e-07 2.293294880132548729e-07
5.605598836339085490e-03 5.158499884012009271e-07 5.037703464902024792e-07 5.207171636280671473e-07
7.057030823388510746e-03 1.143214457824652801e-06 1.100281060671989337e-06 1.151376297335969257e-06
8.884275435384053968e-03 2.453487239962438088e-06 2.306480290116382046e-06 2.462022549365117206e-06
1.118464011096274684e-02 5.054453312513865769e-06 4.576910661976314516e-06 5.043071472405112889e-06
1.408062755099451571e-02 9.879775074588840200e-06 8.441846608652017894e-06 9.772168702597465255e-06
1.772637781327606951e-02 1.808919039965297597e-05 1.420790574773335408e-05 1.767443000395363482e-05
2.230479469754362634e-02 3.078835592214798666e-05 2.181675848408883578e-05 2.965298868090017676e-05
2.770820481513407846e-02 4.838227227443768149e-05 3.194228480390998864e-05 4.615653781361917684e-05
3.228010814994707739e-02 6.623263754780161930e-05 4.422184009281187347e-05 6.327980210978058839e-05
3.559291162446483192e-02 8.164988527886562618e-05 5.691229897890307015e-05 7.846162566972464099e-05
3.832216216946271459e-02 9.616532391989905334e-05 7.016881055944017471e-05 9.299099845912878713e-05
4.075775097358448618e-02 1.104386844498264755e-04 8.390710674483839991e-05 1.073968550234072594e-04
4.302867499224884151e-02 1.246514548886789805e-04 9.779368498576646257e-05 1.217704516055021614e-04
4.520311346741950898e-02 1.387772147543023704e-04 1.113541397175549404e-04 1.360077968288028380e-04
4.732190549826273407e-02 1.526899612204747039e-04 1.240562916244784917e-04 1.499128531728809871e-04
4.941185622481902850e-02 1.662192778299918978e-04 1.353858101600508815e-04 1.632550894293768352e-04
5.149184546769081106e-02 1.791949058638360698e-04 1.449275762074588253e-04 1.758195343484423028e-04
5.357595189288642812e-02 1.914836972894619523e-04 1.524396045275653851e-04 1.874498967364048724e-04
5.567518783574001984e-02 2.030257653149785063e-04 1.579159650154556829e-04 1.980902301821336846e-04
5.779852669003319315e-02 2.138628788402173356e-04 1.616179169276952242e-04 2.078158078476520564e-04
5.995354352868394882e-02 2.241601580436616218e-04 1.640751331655400272e-04 2.168541337487151139e-04
6.214683169117835027e-02 2.342125554182052159e-04 1.660509295045395513e-04 2.255870804939330999e-04
6.438428322057944408e-02 2.444364625836691800e-04 1.684784314993872825e-04 2.345344316536208886e-04
6.667128312455321282e-02 2.553420255524889806e-04 1.723823618413134265e-04 2.443165431345491732e-04
6.901284714538026555e-02 2.674855149717356964e-04 1.787857092309308373e-04 2.555947468369122928e-04
7.141372134522749882e-02 2.814069608205817838e-04 1.886165210107657107e-04 2.689972989716563371e-04
7.387845517365533576e-02 2.975490252873016377e-04 2.025841977037632290e-04 2.850239695801961041e-04
7.641145567496075708e-02 3.161676760224569911e-04 2.210226117037978569e-04 3.039406664451842969e-04
7.901702800482612865e-02 3.372346646633867786e-04 2.436853775026398474e-04 3.256637554525879802e-04
8.169940583853420313e-02 3.603595243663579350e-04 2.695477440123693184e-04 3.496669836117837068e-04
8.446277422840865745e-02 3.847584895182915889e-04 2.967103281077375365e-04 3.749473405088427341e-04
8.731128678863915582e-02 4.093120466536096869e-04 3.225389024771619382e-04 4.001027906502724655e-04
9.024907863924377938e-02 4.327451255244727109e-04 3.441482323727329930e-04 4.235650013532221551e-04
9.328027623988481565e-02 4.539225713473733249e-04 3.591900095567904260e-04 4.439749468744493737e-04
9.640900504719840391e-02 4.722004096169229938e-04 3.667188953713037733e-04 4.606199450468318086e-04
9.963939579646013955e-02 4.877289278184022839e-04 3.677818264539245777e-04 4.737931581469807764e-04
1.029755901254276879e-01 5.015868480787052898e-04 3.654329258859285892e-04 4.849253358828400245e-04
1.064217462031960687e-01 5.156877591003250494e-04 3.641152783574086080e-04 4.964178000828298231e-04
1.099820449926251498e-01 5.323682709250781306e-04 3.686015078417827630e-04 5.111138424725093950e-04
1.136606977549155101e-01 5.537735467004973981e-04 3.828169577548600822e-04 5.315510075656940635e-04
1.174619553902771368e-01 5.811810378510120969e-04 4.087257929022390115e-04 5.591598799198160916e-04
1.213901202012513530e-01 6.143015335188191156e-04 4.452375787134805313e-04 5.934709011646396772e-04
1.254495606567792576e-01 6.513157801682699062e-04 4.878311583931056370e-04 6.321073283097303382e-04
1.296447297355840800e-01 6.886854689591528390e-04 5.286632224241041627e-04 6.706899109384723608e-04
1.339801874259444470e-01 7.222161723710221037e-04 5.590678635178520641e-04 7.041794589010141750e-04
1.384606279706546983e-01 7.493450396695538855e-04 5.742173003743484628e-04 7.295831044881972939e-04
1.430909124662223808e-01 7.706899672906330828e-04 5.763809191244612540e-04 7.478048728708587339e-04
1.478761074648459461e-01 7.898737573513222449e-04 5.742991798155208834e-04 7.634217535767625360e-04
1.528215302943717047e-01 8.118548562821486852e-04 5.790654091048714255e-04 7.825995119960764282e-04
1.579328019094479174e-01 8.411168749198517794e-04 5.993867756286083617e-04 8.107052076796910419e-04
1.632159082349722845e-01 8.795181319610021614e-04 6.374319360199250236e-04 8.496882279201610705e-04
1.686772711672310521e-01 9.242498405369235174e-04 6.861922723034757400e-04 8.958907807948409893e-04
1.743238306822302575e-01 9.688706906603347354e-04 7.317877577927039317e-04 9.414020827197348536e-04
1.801631398800641604e-01 1.007342369156364378e-03 7.617149612838206973e-04 9.789400110270438365e-04
1.862034753039758517e-01 1.037766665216824846e-03 7.737765761485063988e-04 1.006525300558664413e-03
1.924539655425798190e-01 1.064528619020062988e-03 7.790570125748487061e-04 1.029806510234495360e-03
1.989247420148341217e-01 1.095962882178728960e-03 7.944900021197231436e-04 1.058826714759109663e-03
2.056271170146727889e-01 1.137072206762702918e-03 8.291929963710706905e-04 1.099442809292157115e-03
2.125737956582207933e-01 1.185738793982462659e-03 8.773696473096778865e-04 1.148817381783815393e-03
2.197791304851939020e-01 1.234522382586932887e-03 9.224724765225764166e-04 1.197719161154158244e-03
2.272594303182091935e-01 1.276487435982980164e-03 9.512196771592731004e-04 1.237959339137995746e-03
2.350333389018149366e-01 1.313215930136956561e-03 9.681949939188763676e-04 1.271687108569255010e-03
2.431223042887341035e-01 1.352403620478953008e-03 9.905221372848039413e-04 1.308436029982014111e-03
2.515511676229381099e-01 1.400357693657683453e-03 1.029654306624461788e-03 1.355564161725945427e-03
2.603489109791537470e-01 1.453685052524793025e-03 1.077344519828027239e-03 1.408732066987027250e-03
2.695496199632335110e-01 1.504767851347917681e-03 1.116982951767685368e-03 1.458559193548479224e-03
2.791937406126820953e-01 1.551721080095461560e-03 1.145814969179227748e-03 1.502973929519208244e-03
2.893297462380532981e-01 1.601106247516142275e-03 1.178524988425412720e-03 1.550122196632353760e-03
3.000163857836611325e-01 1.657274987604878767e-03 1.223595666803426341e-03 1.605182321108484774e-03
3.113257740704942211e-01 1.716982023520917779e-03 1.271259724067203391e-03 1.663665230125100985e-03
3.233477290852478925e-01 1.774987760821609495e-03 1.311485723099380758e-03 1.719373824716244467e-03
3.361960048783522170e-01 1.835258515198319972e-03 1.353955572112579752e-03 1.777380088713868345e-03
3.500174918626925424e-01 1.902856333775755594e-03 1.406513011747062818e-03 1.843336065794246026e-03
3.650062208970039079e-01 1.973030296738372338e-03 1.458331189922139207e-03 1.911305626933849314e-03
3.814254499818303668e-01 2.047054012074234382e-03 1.511668065666065116e-03 1.982762635708176097e-03
3.996439709410938290e-01 2.129368499643189642e-03 1.573808585996436162e-03 2.062738810089702075e-03
4.201987643721338817e-01 2.218599155364764808e-03 1.639070575024470814e-03 2.149051934752995840e-03
4.439095035530771227e-01 2.319577079955875438e-03 1.714158154381725417e-03 2.246953135834753052e-03
4.721023827172253218e-01 2.435407901205072050e-03 1.799519985808483314e-03 2.359114242235297188e-03
5.070825448280983361e-01 2.574468578465381827e-03 1.902473019815463301e-03 2.493855262166103613e-03
5.532117242195706552e-01 2.749769171747909295e-03 2.032101944196153254e-03 2.663682367939713535e-03
6.194551058593040782e-01 2.987337717425841022e-03 2.207780108508855012e-03 2.893833967927598051e-03
7.241325670744542808e-01 3.333771884794113974e-03 2.463957764055491311e-03 3.229451486857375965e-03
8.908910868142499995e-01 3.826332248816482172e-03 2.828191964362191096e-03 3.706632846393092401e-03
1.119646263435671418e+00 4.412323826151343630e-03 3.261505413770340086e-03 4.274326355680376811e-03
1.409514213312902831e+00 5.047496836350455311e-03 3.731178947841445014e-03 4.889664240704449591e-03
1.774473121959159627e+00 5.726882194506478611e-03 4.233523719818517612e-03 5.547829948223437918e-03
2.233929305705546930e+00 6.449540940440978698e-03 4.767832274421962210e-03 6.247911443239883254e-03
2.812350371104198832e+00 7.214371552025513647e-03 5.333250628716196609e-03 6.988834408142912021e-03
3.540539349051758933e+00 8.020419803829266156e-03 5.929024686329278752e-03 7.769665576303709000e-03
4.457274957978251351e+00 8.866506957439158898e-03 6.554179216887931481e-03 8.589244133000942943e-03
5.611376711952627439e+00 9.751400873281853426e-03 7.207635988159202464e-03 9.446345951526942397e-03
7.064304737828058123e+00 1.067421123342056702e-02 7.888449380717811946e-03 1.034005614683764472e-02
8.893432751109953571e+00 1.163354698680325178e-02 8.595106348433882368e-03 1.126893877670329981e-02
1.119616848845176804e+01 1.262830714390993959e-02 9.325966987886100817e-03 1.223177661283949072e-02
1.409514102484166287e+01 1.365723799690982121e-02 1.007871294982933333e-02 1.322710118789170372e-02
1.774473121899548289e+01 1.471918961420609455e-02 1.085015454477836032e-02 1.425337116815214404e-02
2.233929305705547108e+01 1.581248958388788844e-02 1.163513775568323846e-02 1.530824980002336300e-02
2.812350371104199098e+01 1.693545696069869225e-02 1.242588778974748620e-02 1.638891109545833821e-02
3.540539349051758933e+01 1.808632639508274062e-02 1.321027292879121615e-02 1.749165268061638606e-02
4.457274957978251706e+01 1.926214140580981976e-02 1.396831688507882245e-02 1.861031754840477073e-02
5.611376711952627261e+01 2.045922570023940915e-02 1.466840845299515785e-02 1.973594537114711431e-02
7.064304737828058478e+01 2.167196098286699318e-02 1.526032656435752713e-02 2.085435149251030351e-02
8.893432751109953927e+01 2.289201983493963435e-02 1.566655232489290103e-02 2.194357730804705545e-02
1.119616848845176804e+02 2.410575642436816463e-02 1.577167992366804161e-02 2.296899756563310080e-02
1.409514102484166358e+02 2.529458480712433108e-02 1.541875793577971235e-02 2.388118371990309227e-02
1.774473121899548573e+02 2.642921521034836269e-02 1.442072079446417646e-02 2.460954838847896967e-02
2.233929305705547108e+02 2.747032575841593799e-02 1.262213051311897490e-02 2.506821223691875836e-02
2.812350371104199098e+02 2.837074859853888284e-02 1.003388685977463918e-02 2.517733186318535724e-02
3.540539349051758791e+02 2.908763269320340308e-02 7.008223050572984225e-03 2.491538411652226281e-02
4.457274957978250995e+02 2.961706181471066707e-02 4.247912026625837341e-03 2.439963992854703168e-02
5.611376711952627829e+02 3.002985823091142842e-02 2.382065880209190308e-03 2.390439795639883250e-02
7.064304737828058478e+02 3.048093318716756442e-02 1.404743018813828280e-03 2.368704687556926966e-02
8.893432751109954779e+02 3.109835839306778968e-02 8.033821561940956892e-04 2.369823661444176929e-02
1.119616848845176719e+03 3.187328174517847779e-02 3.864473993229169046e-04 2.384239687505540495e-02
1.409514102484166415e+03 3.277015681604695391e-02 2.002832044028385881e-04 2.422595437801961307e-02
1.774473121899548232e+03 3.377773157324700376e-02 9.066364707685978220e-05 2.472757318667667681e-02
2.233929305705546994e+03 3.486680631668803015e-02 4.070621096252517880e-05 2.535756216760055859e-02
2.812350371104198530e+03 3.601774406371103382e-02 1.804062708549442881e-05 2.607944155584865711e-02
3.540539349051759018e+03 3.721671709518426657e-02 7.900627092036361244e-06 2.686888666416656704e-02
4.457274957978251223e+03 3.844933300165198631e-02 3.319257705456399058e-06 2.770389802073167096e-02
5.611376711952627375e+03 3.970964308294327311e-02 1.396192363540658383e-06 2.857592084860584303e-02
7.064304737828058023e+03 4.098885653021307890e-02 5.805817817729527990e-07 2.947249436342259596e-02
8.893432751109952733e+03 4.228636985381210162e-02 2.406761224979214059e-07 3.038972503139499015e-02
1.119616848845176901e+04 4.359654597432519041e-02 9.933244567052432263e-08 3.132099230618397984e-02
1.409514102484166506e+04 4.491924271674201802e-02 4.085243240219145257e-08 3.226451675722655926e-02
1.774473121899548278e+04 4.625168344609487808e-02 1.678552100718695055e-08 3.321719644377324476e-02
2.233929305705547085e+04 4.759434809935633032e-02 6.879191364155969184e-09 3.417862176428982518e-02
